Northland
Waitemata
Auckland
Counties Manukau
Waikato
Lakes
Bay of Plenty
Tairawhiti
Taranaki
Hawke's Bay
Whanganui
MidCentral
Hutt Valley
Capital and Coast
Wairarapa
Nelson Marlborough
West Coast
Canterbury
South Canterbury
Southern
23
84
63
58
59
15
30
6
23
27
11
19
28
44
6
17
6
89
19
50
16
55
43
35
31
9
26
1
13
15
6
14
23
37
3
17
6
52
8
46
16
35
38
31
33
15
25
3
21
15
2
26
15
30
4
18
4
40
9
38
8
40
23
25
30
11
15
1
15
8
7
5
9
25
7
15
3
36
8
36
11
56
31
33
25
8
10
3
8
18
4
3
7
29
5
21
6
61
8
37
12
64
38
26
34
12
15
4
11
13
2
9
8
28
6
10
2
41
3
34
24
60
39
36
42
5
12
5
12
16
5
12
21
36
5
13
5
41
6
25
27
47
38
32
76
20
16
5
23
21
4
10
13
35
7
19
7
54
9
27
26
72
53
39
73
11
21
4
14
21
11
25
20
21
4
19
7
67
11
52
26
77
43
38
58
26
23
4
30
25
9
12
12
24
8
22
11
69
13
47
26
134
68
70
74
17
21
8
25
35
13
33
21
31
8
21
14
90
17
56
41
95
55
67
64
15
30
7
30
32
13
28
18
48
9
25
9
89
15
67

